9.90196 0.980294
9.80501 0.955805
9.71091 0.921952
9.6272 0.867247
9.58355 0.777278
9.57071 0.678106
9.55334 0.579625
9.53092 0.482171
9.50348 0.38601
9.47112 0.29139
9.43398 0.198545
9.39219 0.107694
9.34592 0.0190436
9.29533 -0.067219
9.24062 -0.150921
9.18196 -0.231909
9.11955 -0.310044
9.05359 -0.385209
8.98429 -0.457302
8.91185 -0.526241
8.83648 -0.591959
8.75838 -0.654409
8.67775 -0.713558
8.59478 -0.769392
8.50968 -0.821909
8.42263 -0.871123
8.33381 -0.917062
8.24339 -0.959765
8.15152 -0.999282
8.05838 -1.03567
7.9641 -1.06901
7.86499 -1.05571
7.76588 -1.04241
7.66677 -1.0291
7.56766 -1.0158
7.46855 -1.00249
7.36944 -0.989191
7.27032 -0.975887
7.17121 -0.962584
7.0721 -0.94928
6.97299 -0.935977
6.87388 -0.922673
6.77477 -0.909369
6.67566 -0.896066
6.57655 -0.882762
6.47744 -0.869459
6.37832 -0.856155
6.27921 -0.842852
6.1801 -0.829548
6.08099 -0.816244
5.98188 -0.802941
5.88277 -0.789637
5.78366 -0.776334
5.68455 -0.76303
5.58544 -0.749727
5.48632 -0.736423
5.38721 -0.723119
5.2881 -0.709816
5.18899 -0.696512
5.08988 -0.683209
4.99077 -0.669905
4.90996 -0.728809
4.82441 -0.780599
4.73522 -0.825818
4.64322 -0.865009
4.54906 -0.898673
4.45323 -0.927266
4.35614 -0.951198
4.25809 -0.970833
4.15932 -0.986498
4.06004 -0.998486
3.96041 -1.00706
3.86056 -1.01247
3.76059 -1.01493
3.66059 -1.01465
3.56063 -1.01181
3.46076 -1.00658
3.36104 -0.999119
3.2615 -0.989583
3.16216 -0.978107
3.06305 -0.964818
2.96417 -0.949834
2.86556 -0.933268
2.7672 -0.91522
2.6691 -0.895788
2.57128 -0.87506
2.47371 -0.853118
2.37641 -0.83004
2.27937 -0.805895
2.18258 -0.78075
2.08605 -0.754664
1.98975 -0.727695
1.8937 -0.699891
1.79787 -0.671302
1.70227 -0.64197
1.60689 -0.611933
1.51172 -0.581227
1.41676 -0.549885
1.322 -0.517934
1.22744 -0.485398
1.13307 -0.4523
1.0389 -0.418657
0.944924 -0.384483
0.851136 -0.349787
0.757541 -0.314574
0.664142 -0.278843
0.570946 -0.242586
0.477965 -0.205783
0.385215 -0.1684
0.292726 -0.130378
0.200547 -0.091608
0.108782 -0.05187
0.0177157 -0.0105542
-0.0692013 0.0388972
0.0170161 -0.011764
-0.0664427 0.0433234
0.0161789 -0.0130119
-0.0631634 0.0478551
0.0151894 -0.0142806
-0.0593153 0.0524206
0.0140354 -0.0155476
-0.0548616 0.0569314
0.0127086 -0.016786
-0.0497829 0.0612833
0.0112066 -0.017965
-0.0440825 0.0653604
0.00953373 -0.0190511
-0.0377923 0.0690412
0.00770323 -0.0200103
-0.0309751 0.0722068
0.00573708 -0.0208105
-0.0237251 0.0747509
0.00366582 -0.0214247
-0.0161645 0.0765894
0.00152696 -0.0218332
-0.00843587 0.0776693
-0.000637509 -0.0220262
-0.000692154 0.0779738
-0.00278439 -0.0220043
0.00691527 0.0775241
-0.00487259 -0.0217787
0.0142479 0.0763764
-0.00686611 -0.0213692
0.0211896 0.0746145
-0.00873628 -0.0208027
0.0276521 0.0723418
-0.0104628 -0.0201096
0.0335777 0.0696703
-0.0120339 -0.0193217
0.0389379 0.0667125
-0.0134454 -0.0184697
0.0437293 0.0635733
-0.0146998 -0.0175811
0.0479689 0.060346
-0.0158042 -0.0166799
0.0516884 0.0571086
-0.016769 -0.0157857
0.0549288 0.0539239
-0.0176066 -0.0149137
0.0577359 0.0508397
-0.0183304 -0.0140751
0.0601571 0.0478904
-0.0189533 -0.0132778
0.0622388 0.045099
-0.019488 -0.0125268
0.0640244 0.0424794
-0.0199462 -0.0118247
0.0655539 0.0400378
-0.0203385 -0.0111724
0.0668632 0.037775
-0.0206742 -0.0105695
0.0679839 0.0356878
-0.0209615 -0.0100146
0.0689435 0.0337699
-0.0212076 -0.0095056
0.0697659 0.0320132
-0.0214187 -0.00904006
0.0704716 0.0304083
-0.0215999 -0.00861529
0.071078 0.0289454
-0.0217557 -0.00822848
0.0716001 0.0276143
-0.02189 -0.00787681
0.0720503 0.0264049
-0.0220059 -0.00755753
0.0724393 0.0253075
-0.0221061 -0.00726799
0.0727762 0.0243127
-0.022193 -0.00700566
0.0730686 0.0234119
-0.0222685 -0.00676818
0.0733229 0.0225966
-0.0223343 -0.00655334
0.0735445 0.0218592
-0.0223916 -0.00635909
0.073738 0.0211927
-0.0224417 -0.00618355
0.0739074 0.0205904
-0.0224857 -0.00602497
0.0740559 0.0200465
5 1
5.1 1
5.2 1
5.3 1
5.4 1
5.5 1
5.6 1
5.7 1
5.8 1
5.9 1
6 1
6.1 1
6.2 1
6.3 1
6.4 1
6.5 1
6.6 1
6.7 1
6.8 1
6.9 1
7 1
7.1 1
7.2 1
7.3 1
7.4 1
7.5 1
7.6 1
7.7 1
7.8 1
7.9 1
8 1
8.1 1
8 1
8.1 1
8 1
8.1 1
8 1
8.1 1
8 1
8.1 1
8 1
8.1 1
8 1
8.1 1
8 1
8.1 1
8 1
8.1 1
8 1
8.1 1
8 1
8.1 1
8 1
8.1 1
8 1
8.1 1
8 1
8.1 1
8 1
8.1 1
8 1
8.1 1
8 1
8.1 1
8 1
8.1 1
8 1
8.1 1
8 1
8.1 1
8 1
8.1 1
8 1
8.1 1
8 1
8.1 1
8 1
8.1 1
8 1
8.1 1
8 1
8.1 1
8 1
8.1 1
8 1
8.1 1
8 1
8.1 1
8 1
8.1 1
8 1
8.1 1
8 1
8.1 1
8 1
8.1 1
8 1
8.1 1
8 1
8.1 1
5 1
