9.9005 0.990015
9.801 0.980028
9.7015 0.970037
9.602 0.960044
9.5025 0.950047
9.403 0.940046
9.3035 0.930041
9.20401 0.920033
9.10451 0.910021
9.00501 0.900005
8.90552 0.889986
8.80602 0.879963
8.70652 0.869937
8.60703 0.859908
8.50753 0.849878
8.40804 0.839846
8.30854 0.829813
8.20904 0.81978
8.10955 0.809748
8.01004 0.799811
7.91054 0.789875
7.81103 0.779939
7.71153 0.770002
7.61202 0.760066
7.51252 0.750129
7.41301 0.740193
7.31351 0.730256
7.214 0.72032
7.1145 0.710383
7.01499 0.700446
6.91549 0.69051
6.81598 0.680573
6.71648 0.670636
6.61697 0.660698
6.51747 0.650761
6.41796 0.640824
6.31846 0.630886
6.21895 0.620949
6.11945 0.611011
6.01994 0.601073
5.92044 0.591135
5.82093 0.581196
5.72143 0.571257
5.62192 0.561318
5.52242 0.551379
5.42291 0.541439
5.32341 0.531498
5.2239 0.521557
5.12526 0.505134
5.02676 0.487882
4.92821 0.470908
4.82946 0.455142
4.73048 0.44093
4.6313 0.428151
4.53198 0.416492
4.43257 0.40564
4.3331 0.395342
4.2336 0.38542
4.13406 0.37575
4.03452 0.366252
3.93496 0.356869
3.83539 0.347564
3.73582 0.338313
3.63625 0.329095
3.53667 0.319897
3.43709 0.310706
3.33752 0.301514
3.23794 0.292308
3.13837 0.283078
3.0388 0.273811
2.93923 0.264493
2.83968 0.255104
2.74013 0.245621
2.64059 0.236021
2.54106 0.226275
2.44156 0.216362
2.34207 0.206271
2.24259 0.196018
2.14313 0.185652
2.04367 0.175258
1.94421 0.164943
1.84472 0.15481
1.74521 0.144935
1.64567 0.135355
1.5461 0.126072
1.44651 0.117063
1.3469 0.108291
1.24726 0.099718
1.14762 0.0913077
1.04796 0.0830287
0.948296 0.0748554
0.848623 0.0667675
0.748945 0.058749
0.649263 0.050788
0.549576 0.0428752
0.449886 0.0350041
0.350194 0.0271702
0.250498 0.0193713
0.1508 0.0116083
0.0510985 0.0038887
-0.0486103 -0.00373721
0.0510948 0.00393608
-0.0486069 -0.0037822
0.0510911 0.00398348
-0.0486034 -0.0038272
0.0510874 0.00403089
-0.0485998 -0.00387221
0.0510836 0.00407831
-0.0485962 -0.00391724
0.0510798 0.00412575
-0.0485926 -0.00396228
0.051076 0.0041732
-0.0485889 -0.00400733
0.0510721 0.00422067
-0.0485851 -0.00405239
0.0510681 0.00426815
-0.0485814 -0.00409747
0.0510641 0.00431564
-0.0485775 -0.00414256
0.0510601 0.00436314
-0.0485737 -0.00418767
0.051056 0.00441066
-0.0485698 -0.00423278
0.0510518 0.00445819
-0.0485658 -0.00427791
0.0510477 0.00450574
-0.0485618 -0.00432305
0.0510434 0.0045533
-0.0485578 -0.0043682
0.0510392 0.00460087
-0.0485537 -0.00441337
0.0510348 0.00464845
-0.0485496 -0.00445855
0.0510305 0.00469605
-0.0485454 -0.00450373
0.0510261 0.00474365
-0.0485412 -0.00454894
0.0510216 0.00479128
-0.048537 -0.00459415
0.0510171 0.00483891
-0.0485327 -0.00463937
0.0510126 0.00488656
-0.0485284 -0.00468461
0.051008 0.00493421
-0.048524 -0.00472986
0.0510033 0.00498189
-0.0485195 -0.00477512
0.0509986 0.00502957
-0.0485151 -0.00482039
0.0509939 0.00507726
-0.0485106 -0.00486567
0.0509891 0.00512497
-0.048506 -0.00491097
0.0509843 0.00517269
-0.0485014 -0.00495627
0.0509794 0.00522042
-0.0484968 -0.00500159
0.0509745 0.00526816
-0.0484921 -0.00504691
0.0509695 0.00531591
-0.0484873 -0.00509225
0.0509645 0.00536368
-0.0484825 -0.0051376
0.0509595 0.00541146
-0.0484777 -0.00518296
0.0509544 0.00545924
-0.0484729 -0.00522833
0.0509492 0.00550704
-0.0484679 -0.00527371
0.050944 0.00555485
-0.048463 -0.0053191
0.0509388 0.00560268
-0.048458 -0.00536451
0.0509335 0.00565051
-0.048453 -0.00540992
0.0509282 0.00569835
-0.0484479 -0.00545534
0.0509228 0.00574621
-0.0484427 -0.00550077
0.0509174 0.00579407
-0.0484376 -0.00554622
0.0509119 0.00584195
-0.0484323 -0.00559167
0.0509064 0.00588983
-0.0484271 -0.00563713
0.0509008 0.00593773
-0.0484218 -0.00568261
0.0508952 0.00598563
-0.0484164 -0.00572809
0.0508895 0.00603355
-0.048411 -0.00577358
0.0508838 0.00608148
-0.0484056 -0.00581908
0.050878 0.00612942
-0.0484001 -0.00586459
0.0508722 0.00617736
-0.0483945 -0.00591012
0.0508664 0.00622532
-0.048389 -0.00595565
0.0508605 0.00627329
5 1
5.1 1.1
5.2 1.2
5.3 1.3
5.4 1.4
5.5 1.5
5.6 1.6
5.7 1.7
5.8 1.8
5.9 1.9
6 2
6.1 2.1
6.2 2.2
6.3 2.3
6.4 2.4
6.5 2.5
6.6 2.6
6.7 2.7
6.8 2.8
6.9 2.9
2 0
2 0.1
2 0.2
2 0.3
2 0.4
2 0.5
2 0.6
2 0.7
2 0.8
2 0.9
2 1
2 1.1
2 1
2 1.1
2 1
2 1.1
2 1
2 1.1
2 1
2 1.1
