9.90196 0.980294
9.80501 0.955805
9.71091 0.921952
9.6272 0.867247
9.58355 0.777278
9.57071 0.678106
9.55334 0.579625
9.53092 0.482171
9.50348 0.38601
9.47112 0.29139
9.43398 0.198545
9.39219 0.107694
9.34592 0.0190436
9.29533 -0.067219
9.24062 -0.150921
9.18196 -0.231909
9.11955 -0.310044
9.05359 -0.385209
8.98429 -0.457302
8.91185 -0.526241
8.83648 -0.591959
8.75838 -0.654409
8.67775 -0.713558
8.59478 -0.769392
8.50968 -0.821909
8.42263 -0.871123
8.33381 -0.917062
8.24339 -0.959765
8.15152 -0.999282
8.05838 -1.03567
7.9641 -1.06901
7.8689 -1.09961
7.77303 -1.12805
7.67659 -1.1545
7.57967 -1.17913
7.48234 -1.20206
7.38465 -1.22343
7.28665 -1.24335
7.18838 -1.2619
7.08989 -1.27917
6.99119 -1.29525
6.89231 -1.3102
6.79328 -1.32407
6.69411 -1.33694
6.59482 -1.34884
6.49543 -1.35983
6.39594 -1.36994
6.29637 -1.37921
6.19673 -1.38768
6.09703 -1.39538
5.99727 -1.40233
5.89746 -1.40856
5.79762 -1.4141
5.69773 -1.41897
5.59782 -1.42319
5.49789 -1.42677
5.39793 -1.42973
5.29796 -1.43209
5.19797 -1.43386
5.09798 -1.43506
4.99798 -1.43569
4.89798 -1.43576
4.79799 -1.4352
4.69799 -1.43384
4.59802 -1.43153
4.49808 -1.42817
4.39818 -1.42364
4.29835 -1.41785
4.1986 -1.41076
4.09896 -1.4023
3.99945 -1.39244
3.90008 -1.38117
3.80089 -1.36847
3.70189 -1.35435
3.60311 -1.33881
3.50455 -1.32188
3.40624 -1.30358
3.30819 -1.28395
3.2104 -1.26301
3.1129 -1.2408
3.01568 -1.21737
2.91876 -1.19276
2.82213 -1.16701
2.72581 -1.14015
2.62978 -1.11225
2.53405 -1.08334
2.43862 -1.05345
2.34348 -1.02265
2.24864 -0.99095
2.15408 -0.958408
2.05981 -0.925055
1.96581 -0.890928
1.87209 -0.856059
1.77863 -0.82048
1.68544 -0.784221
1.5925 -0.74731
1.49981 -0.709771
1.40737 -0.671628
1.31517 -0.632901
1.22322 -0.59361
1.1315 -0.55377
1.04001 -0.513394
0.948757 -0.472492
0.857739 -0.431071
0.766958 -0.389132
0.676419 -0.346674
0.586131 -0.303686
0.496105 -0.26015
0.406362 -0.216033
0.316934 -0.171283
0.227872 -0.125808
0.139276 -0.079432
0.0513767 -0.0317485
-0.0347684 0.0190356
0.0519986 -0.0306785
-0.0351466 0.0183696
0.0525858 -0.0296203
-0.0355035 0.0177113
0.0531396 -0.0285748
-0.0358399 0.0170613
0.0536612 -0.0275432
-0.0361565 0.0164203
0.0541519 -0.0265263
-0.0364541 0.0157888
0.0546128 -0.0255249
-0.0367335 0.0151673
0.0550454 -0.0245397
-0.0369955 0.0145561
0.0554507 -0.0235713
-0.0372409 0.0139556
0.0558301 -0.0226202
-0.0374704 0.0133661
0.0561847 -0.021687
-0.0376848 0.0127878
0.0565158 -0.0207718
-0.0378848 0.0122211
0.0568244 -0.0198751
-0.0380711 0.0116659
0.0571118 -0.018997
-0.0382445 0.0111224
0.0573789 -0.0181377
-0.0384056 0.0105908
0.057627 -0.0172973
-0.038555 0.010071
0.057857 -0.0164759
-0.0386934 0.00956308
0.0580698 -0.0156734
-0.0388214 0.009067
0.0582665 -0.0148897
-0.0389397 0.00858273
0.058448 -0.0141249
-0.0390486 0.0081102
0.0586152 -0.0133788
-0.0391489 0.00764932
0.0587689 -0.0126513
-0.039241 0.00719998
0.0589098 -0.011942
-0.0393254 0.00676207
0.0590389 -0.011251
-0.0394025 0.00633544
0.0591568 -0.0105778
-0.0394729 0.00591994
0.0592642 -0.00992229
-0.039537 0.00551541
0.0593618 -0.00928417
-0.0395951 0.00512167
0.0594502 -0.00866315
-0.0396477 0.00473854
0.0595301 -0.00805894
-0.0396951 0.00436584
0.0596019 -0.00747124
-0.0397376 0.00400335
0.0596662 -0.00689971
-0.0397756 0.00365089
0.0597236 -0.00634405
-0.0398095 0.00330825
0.0597745 -0.00580391
-0.0398394 0.00297522
0.0598194 -0.00527897
-0.0398656 0.0026516
0.0598587 -0.00476889
-0.0398885 0.00233716
0.0598927 -0.00427334
-0.0399083 0.0020317
0.059922 -0.00379197
-0.0399252 0.00173501
0.0599468 -0.00332444
-0.0399394 0.00144688
0.0599674 -0.00287043
-0.0399511 0.0011671
0.0599842 -0.0024296
-0.0399605 0.000895449
0.0599976 -0.00200161
-0.0399678 0.000631734
0.0600076 -0.00158614
-0.0399731 0.000375746
0.0600147 -0.00118286
-0.0399767 0.000127283
0.0600191 -0.000791448
-0.0399786 -0.000113853
0.060021 -0.000411597
-0.039979 -0.000347858
0.0600205 -4.2992e-05
-0.0399781 -0.000574926
0.060018 0.000314673
-0.0399759 -0.000795245
0.0600135 0.000661696
-0.0399725 -0.001009
0.0600073 0.000998374
-0.0399681 -0.00121638
0.0599996 0.00132499
-0.0399628 -0.00141755
0.0599904 0.00164184
-0.0399567 -0.0016127
0.0599799 0.00194918
-0.0399497 -0.00180199
0.0599682 0.0022473
-0.0399421 -0.0019856
0.0599556 0.00253645
-0.0399339 -0.00216367
0.059942 0.00281689
-0.0399251 -0.00233639
0.0599276 0.00308888
-0.0399159 -0.00250389
0.0599125 0.00335266
-0.0399062 -0.00266633
0.0598967 0.00360848
-0.0398962 -0.00282386
0.0598804 0.00385655
-0.0398859 -0.00297663
0.0598636 0.00409711
-0.0398752 -0.00312477
0.0598465 0.00433039
-0.0398644 -0.00326842
0.059829 0.0045566
-0.0398534 -0.00340771
0.0598112 0.00477594
-0.0398422 -0.00354278
0.0597932 0.00498863
-0.0398309 -0.00367374
0.0597751 0.00519486
-0.0398195 -0.00380073
0.0597568 0.00539482
-0.0398081 -0.00392386
0.0597385 0.0055887
-0.0397966 -0.00404324
0.0597201 0.00577669
-0.0397851 -0.004159
0.0597017 0.00595895
-0.0397736 -0.00427123
0.0596834 0.00613568
-0.0397622 -0.00438004
0.0596651 0.00630702
-0.0397508 -0.00448554
0.059647 0.00647314
-0.0397394 -0.00458783
0.0596289 0.00663421
-0.0397282 -0.00468701
0.059611 0.00679037
-0.039717 -0.00478316
0.0595932 0.00694177
-0.039706 -0.00487638
0.0595756 0.00708856
-0.039695 -0.00496676
0.0595583 0.00723088
-0.0396842 -0.00505439
0.0595411 0.00736886
-0.0396736 -0.00513935
0.0595241 0.00750263
-0.039663 -0.00522172
0.0595074 0.00763233
-0.0396526 -0.00530158
0.0594909 0.00775807
-0.0396424 -0.005379
0.0594747 0.00787998
-0.0396323 -0.00545406
0.0594587 0.00799818
-0.0396224 -0.00552684
0.059443 0.00811277
-0.0396127 -0.00559739
0.0594276 0.00822387
-0.0396031 -0.0056658
0.0594124 0.00833158
-0.0395937 -0.00573212
0.0593975 0.00843601
-0.0395845 -0.00579642
0.0593829 0.00853725
-0.0395755 -0.00585876
0.0593686 0.00863541
-0.0395666 -0.0059192
0.0593545 0.00873058
-0.0395579 -0.0059778
0.0593407 0.00882285
-0.0395494 -0.00603461
0.0593273 0.00891231
-0.039541 -0.00608969
0.0593141 0.00899904
-0.0395329 -0.00614309
0.0593012 0.00908313
-0.0395249 -0.00619487
0.0592885 0.00916465
-0.0395171 -0.00624507
0.0592762 0.0092437
-0.0395094 -0.00629373
0.0592641 0.00932033
-0.0395019 -0.00634092
0.0592523 0.00939463
-0.0394946 -0.00638667
0.0592407 0.00946667
-0.0394875 -0.00643102
0.0592294 0.00953651
-0.0394805 -0.00647403
0.0592184 0.00960423
-0.0394737 -0.00651572
0.0592077 0.00966989
-0.0394671 -0.00655615
0.0591972 0.00973354
-0.0394606 -0.00659535
0.059187 0.00979526
-0.0394543 -0.00663335
0.059177 0.0098551
-0.0394481 -0.00667019
0.0591672 0.00991312
-0.0394421 -0.00670592
0.0591577 0.00996937
-0.0394363 -0.00674055
0.0591485 0.0100239
-0.0394305 -0.00677414
0.0591395 0.0100768
-0.039425 -0.0068067
0.0591307 0.0101281
-0.0394195 -0.00683827
0.0591221 0.0101778
-0.0394142 -0.00686888
0.0591137 0.010226
-0.0394091 -0.00689856
0.0591056 0.0102727
-0.0394041 -0.00692733
0.0590977 0.010318
-0.0393992 -0.00695523
0.05909 0.010362
-0.0393944 -0.00698229
0.0590825 0.0104046
-0.0393898 -0.00700851
0.0590752 0.0104459
-0.0393853 -0.00703395
0.059068 0.0104859
-0.0393809 -0.00705861
0.0590611 0.0105247
-0.0393766 -0.00708252
0.0590544 0.0105624
-0.0393725 -0.0071057
0.0590478 0.0105989
-0.0393684 -0.00712818
0.0590414 0.0106343
-0.0393645 -0.00714997
0.0590352 0.0106686
-0.0393606 -0.0071711
0.0590292 0.0107019
-0.0393569 -0.00719159
0.0590233 0.0107341
-0.0393533 -0.00721146
0.0590176 0.0107654
-0.0393498 -0.00723072
0.059012 0.0107958
-0.0393464 -0.0072494
0.0590066 0.0108252
-0.039343 -0.00726751
0.0590014 0.0108537
-0.0393398 -0.00728508
0.0589963 0.0108814
-0.0393366 -0.0073021
0.0589913 0.0109082
-0.0393336 -0.00731861
0.0589865 0.0109342
-0.0393306 -0.00733462
0.0589818 0.0109594
-0.0393277 -0.00735015
0.0589772 0.0109838
-0.0393249 -0.0073652
0.0589728 0.0110075
-0.0393222 -0.00737979
0.0589685 0.0110305
-0.0393195 -0.00739394
0.0589643 0.0110528
-0.0393169 -0.00740766
0.0589603 0.0110744
-0.0393144 -0.00742097
0.0589563 0.0110953
-0.039312 -0.00743387
0.0589525 0.0111157
-0.0393097 -0.00744638
0.0589488 0.0111354
-0.0393074 -0.00745851
0.0589452 0.0111545
-0.0393051 -0.00747027
0.0589416 0.011173
-0.039303 -0.00748168
0.0589382 0.0111909
-0.0393009 -0.00749274
0.0589349 0.0112084
-0.0392988 -0.00750346
0.0589317 0.0112252
-0.0392968 -0.00751386
0.0589286 0.0112416
-0.0392949 -0.00752394
0.0589255 0.0112575
-0.039293 -0.00753371
0.0589226 0.0112729
-0.0392912 -0.00754319
0.0589197 0.0112878
-0.0392895 -0.00755238
0.058917 0.0113023
-0.0392878 -0.0075613
0.0589143 0.0113163
-0.0392861 -0.00756994
0.0589116 0.0113299
-0.0392845 -0.00757832
0.0589091 0.0113431
-0.0392829 -0.00758645
0.0589066 0.0113559
-0.0392814 -0.00759433
0.0589042 0.0113683
-0.0392799 -0.00760197
0.0589019 0.0113804
-0.0392785 -0.00760938
0.0588997 0.011392
-0.0392771 -0.00761656
0.0588975 0.0114033
-0.0392757 -0.00762353
0.0588953 0.0114143
-0.0392744 -0.00763028
0.0588933 0.011425
-0.0392732 -0.00763683
0.0588913 0.0114353
-0.0392719 -0.00764318
0.0588893 0.0114453
-0.0392707 -0.00764934
0.0588874 0.011455
-0.0392696 -0.00765531
0.0588856 0.0114644
-0.0392684 -0.0076611
0.0588838 0.0114735
-0.0392673 -0.00766672
0.0588821 0.0114823
-0.0392663 -0.00767216
0.0588804 0.0114909
-0.0392652 -0.00767744
0.0588788 0.0114992
-0.0392642 -0.00768256
0.0588772 0.0115073
-0.0392633 -0.00768753
0.0588757 0.0115151
-0.0392623 -0.00769234
0.0588742 0.0115227
-0.0392614 -0.00769701
0.0588728 0.01153
-0.0392605 -0.00770154
0.0588714 0.0115372
-0.0392597 -0.00770593
0.05887 0.0115441
-0.0392588 -0.00771018
0.0588687 0.0115508
-0.039258 -0.00771431
0.0588674 0.0115573
-0.0392572 -0.00771831
0.0588662 0.0115636
-0.0392565 -0.00772219
0.058865 0.0115697
-0.0392557 -0.00772596
0.0588638 0.0115756
-0.039255 -0.0077296
0.0588627 0.0115814
-0.0392543 -0.00773314
0.0588616 0.0115869
-0.0392536 -0.00773657
0.0588605 0.0115923
-0.039253 -0.0077399
0.0588595 0.0115976
-0.0392524 -0.00774313
0.0588585 0.0116027
-0.0392517 -0.00774626
0.0588575 0.0116076
-0.0392511 -0.00774929
0.0588566 0.0116124
-0.0392506 -0.00775223
0.0588557 0.011617
-0.03925 -0.00775508
0.0588548 0.0116215
-0.0392495 -0.00775785
0.0588539 0.0116258
-0.0392489 -0.00776053
0.0588531 0.0116301
-0.0392484 -0.00776313
0.0588523 0.0116342
-0.0392479 -0.00776565
0.0588515 0.0116381
-0.0392474 -0.0077681
0.0588507 0.011642
-0.039247 -0.00777047
0.05885 0.0116457
-0.0392465 -0.00777277
0.0588493 0.0116493
-0.0392461 -0.007775
0.0588486 0.0116529
-0.0392456 -0.00777716
0.0588479 0.0116563
-0.0392452 -0.00777926
0.0588473 0.0116596
-0.0392448 -0.00778129
0.0588466 0.0116628
-0.0392444 -0.00778326
0.058846 0.0116659
-0.039244 -0.00778518
0.0588454 0.0116689
-0.0392437 -0.00778703
0.0588448 0.0116718
-0.0392433 -0.00778883
0.0588443 0.0116746
-0.039243 -0.00779057
0.0588437 0.0116774
-0.0392426 -0.00779226
0.0588432 0.01168
-0.0392423 -0.0077939
0.0588427 0.0116826
-0.039242 -0.00779549
0.0588422 0.0116851
-0.0392417 -0.00779703
0.0588417 0.0116875
-0.0392414 -0.00779853
0.0588412 0.0116899
-0.0392411 -0.00779998
0.0588408 0.0116922
-0.0392408 -0.00780138
0.0588403 0.0116944
-0.0392406 -0.00780274
0.0588399 0.0116965
-0.0392403 -0.00780407
0.0588395 0.0116986
-0.03924 -0.00780535
0.0588391 0.0117006
-0.0392398 -0.00780659
0.0588387 0.0117026
-0.0392395 -0.0078078
0.0588383 0.0117045
-0.0392393 -0.00780896
0.058838 0.0117063
-0.0392391 -0.0078101
0.0588376 0.0117081
-0.0392389 -0.0078112
0.0588373 0.0117098
-0.0392387 -0.00781226
0.0588369 0.0117115
-0.0392385 -0.00781329
0.0588366 0.0117132
-0.0392383 -0.0078143
0.0588363 0.0117147
-0.0392381 -0.00781527
0.058836 0.0117163
-0.0392379 -0.00781621
0.0588357 0.0117177
-0.0392377 -0.00781712
0.0588354 0.0117192
-0.0392375 -0.00781801
0.0588351 0.0117206
-0.0392373 -0.00781887
0.0588349 0.0117219
-0.0392372 -0.0078197
0.0588346 0.0117232
-0.039237 -0.00782051
0.0588343 0.0117245
-0.0392369 -0.00782129
0.0588341 0.0117257
-0.0392367 -0.00782205
0.0588339 0.0117269
-0.0392366 -0.00782279
0.0588336 0.0117281
-0.0392364 -0.0078235
0.0588334 0.0117292
-0.0392363 -0.00782419
0.0588332 0.0117303
-0.0392361 -0.00782487
0.058833 0.0117314
-0.039236 -0.00782552
0.0588328 0.0117324
-0.0392359 -0.00782615
0.0588326 0.0117334
-0.0392358 -0.00782676
0.0588324 0.0117344
-0.0392357 -0.00782736
0.0588322 0.0117353
-0.0392355 -0.00782793
0.058832 0.0117362
-0.0392354 -0.00782849
0.0588318 0.0117371
-0.0392353 -0.00782903
0.0588317 0.0117379
-0.0392352 -0.00782956
0.0588315 0.0117388
-0.0392351 -0.00783006
0.0588313 0.0117396
-0.039235 -0.00783056
0.0588312 0.0117403
-0.0392349 -0.00783104
0.058831 0.0117411
-0.0392348 -0.0078315
0.0588309 0.0117418
-0.0392347 -0.00783195
0.0588308 0.0117425
-0.0392346 -0.00783239
0.0588306 0.0117432
-0.0392346 -0.00783281
0.0588305 0.0117439
-0.0392345 -0.00783322
0.0588304 0.0117445
-0.0392344 -0.00783362
0.0588302 0.0117452
-0.0392343 -0.00783401
0.0588301 0.0117458
-0.0392343 -0.00783438
0.05883 0.0117464
-0.0392342 -0.00783474
0.0588299 0.0117469
-0.0392341 -0.0078351
0.0588298 0.0117475
-0.039234 -0.00783544
0.0588297 0.011748
-0.039234 -0.00783577
0.0588296 0.0117485
-0.0392339 -0.00783609
0.0588294 0.011749
-0.0392338 -0.0078364
0.0588294 0.0117495
-0.0392338 -0.0078367
0.0588293 0.01175
-0.0392337 -0.00783699
0.0588292 0.0117505
-0.0392337 -0.00783728
0.0588291 0.0117509
-0.0392336 -0.00783755
0.058829 0.0117514
-0.0392336 -0.00783782
0.0588289 0.0117518
-0.0392335 -0.00783808
0.0588288 0.0117522
-0.0392335 -0.00783833
0.0588287 0.0117526
-0.0392334 -0.00783857
0.0588287 0.011753
-0.0392334 -0.00783881
0.0588286 0.0117533
-0.0392333 -0.00783904
0.0588285 0.0117537
-0.0392333 -0.00783926
0.0588285 0.011754
-0.0392332 -0.00783947
0.0588284 0.0117544
-0.0392332 -0.00783968
0.0588283 0.0117547
-0.0392332 -0.00783989
0.0588283 0.011755
-0.0392331 -0.00784008
0.0588282 0.0117553
-0.0392331 -0.00784027
0.0588281 0.0117556
-0.039233 -0.00784046
0.0588281 0.0117559
-0.039233 -0.00784063
0.058828 0.0117562
-0.039233 -0.00784081
0.058828 0.0117565
-0.0392329 -0.00784098
0.0588279 0.0117567
-0.0392329 -0.00784114
0.0588279 0.011757
-0.0392329 -0.0078413
0.0588278 0.0117573
-0.0392328 -0.00784145
0.0588278 0.0117575
-0.0392328 -0.0078416
0.0588277 0.0117577
-0.0392328 -0.00784174
0.0588277 0.011758
-0.0392328 -0.00784188
0.0588276 0.0117582
-0.0392327 -0.00784202
0.0588276 0.0117584
-0.0392327 -0.00784215
0.0588275 0.0117586
-0.0392327 -0.00784228
0.0588275 0.0117588
-0.0392326 -0.0078424
0.0588275 0.011759
-0.0392326 -0.00784252
0.0588274 0.0117592
-0.0392326 -0.00784264
0.0588274 0.0117594
-0.0392326 -0.00784275
0.0588274 0.0117595
-0.0392326 -0.00784286
0.0588273 0.0117597
-0.0392325 -0.00784297
0.0588273 0.0117599
-0.0392325 -0.00784307
0.0588273 0.01176
-0.0392325 -0.00784317
0.0588272 0.0117602
-0.0392325 -0.00784327
0.0588272 0.0117604
-0.0392325 -0.00784336
0.0588272 0.0117605
-0.0392324 -0.00784345
0.0588271 0.0117606
-0.0392324 -0.00784354
0.0588271 0.0117608
-0.0392324 -0.00784362
0.0588271 0.0117609
-0.0392324 -0.00784371
0.0588271 0.011761
-0.0392324 -0.00784379
0.058827 0.0117612
-0.0392324 -0.00784387
0.058827 0.0117613
-0.0392323 -0.00784394
0.058827 0.0117614
-0.0392323 -0.00784401
0.058827 0.0117615
-0.0392323 -0.00784409
0.0588269 0.0117616
-0.0392323 -0.00784415
0.0588269 0.0117618
-0.0392323 -0.00784422
0.0588269 0.0117619
-0.0392323 -0.00784429
0.0588269 0.011762
-0.0392323 -0.00784435
0.0588269 0.0117621
-0.0392322 -0.00784441
0.0588268 0.0117622
-0.0392322 -0.00784447
0.0588268 0.0117622
-0.0392322 -0.00784453
0.0588268 0.0117623
-0.0392322 -0.00784458
0.0588268 0.0117624
-0.0392322 -0.00784464
0.0588268 0.0117625
-0.0392322 -0.00784469
0.0588267 0.0117626
-0.0392322 -0.00784474
0.0588267 0.0117627
-0.0392322 -0.00784479
0.0588267 0.0117627
-0.0392322 -0.00784483
0.0588267 0.0117628
-0.0392322 -0.00784488
0.0588267 0.0117629
-0.0392321 -0.00784493
0.0588267 0.011763
-0.0392321 -0.00784497
0.0588267 0.011763
-0.0392321 -0.00784501
0.0588266 0.0117631
-0.0392321 -0.00784505
0.0588266 0.0117632
-0.0392321 -0.00784509
0.0588266 0.0117632
-0.0392321 -0.00784513
0.0588266 0.0117633
-0.0392321 -0.00784517
0.0588266 0.0117633
-0.0392321 -0.0078452
0.0588266 0.0117634
-0.0392321 -0.00784524
0.0588266 0.0117635
-0.0392321 -0.00784527
0.0588266 0.0117635
-0.0392321 -0.00784531
0.0588265 0.0117636
-0.0392321 -0.00784534
0.0588265 0.0117636
-0.0392321 -0.00784537
0.0588265 0.0117637
-0.039232 -0.0078454
0.0588265 0.0117637
-0.039232 -0.00784543
0.0588265 0.0117638
-0.039232 -0.00784546
0.0588265 0.0117638
-0.039232 -0.00784548
0.0588265 0.0117638
-0.039232 -0.00784551
0.0588265 0.0117639
-0.039232 -0.00784554
0.0588265 0.0117639
-0.039232 -0.00784556
0.0588265 0.011764
-0.039232 -0.00784558
0.0588265 0.011764
-0.039232 -0.00784561
0.0588265 0.011764
-0.039232 -0.00784563
0.0588264 0.0117641
-0.039232 -0.00784565
0.0588264 0.0117641
-0.039232 -0.00784567
0.0588264 0.0117641
-0.039232 -0.0078457
0.0588264 0.0117642
-0.039232 -0.00784572
0.0588264 0.0117642
-0.039232 -0.00784573
0.0588264 0.0117642
-0.039232 -0.00784575
0.0588264 0.0117643
-0.039232 -0.00784577
0.0588264 0.0117643
-0.039232 -0.00784579
0.0588264 0.0117643
-0.039232 -0.00784581
0.0588264 0.0117644
-0.039232 -0.00784582
0.0588264 0.0117644
-0.039232 -0.00784584
0.0588264 0.0117644
-0.039232 -0.00784586
0.0588264 0.0117644
-0.039232 -0.00784587
0.0588264 0.0117645
-0.039232 -0.00784589
0.0588264 0.0117645
-0.0392319 -0.0078459
0.0588264 0.0117645
-0.0392319 -0.00784591
0.0588264 0.0117645
-0.0392319 -0.00784593
0.0588264 0.0117645
-0.0392319 -0.00784594
0.0588263 0.0117646
-0.0392319 -0.00784595
0.0588263 0.0117646
-0.0392319 -0.00784597
0.0588263 0.0117646
-0.0392319 -0.00784598
0.0588263 0.0117646
-0.0392319 -0.00784599
0.0588263 0.0117646
-0.0392319 -0.007846
0.0588263 0.0117647
-0.0392319 -0.00784601
0.0588263 0.0117647
-0.0392319 -0.00784602
0.0588263 0.0117647
-0.0392319 -0.00784603
0.0588263 0.0117647
-0.0392319 -0.00784604
0.0588263 0.0117647
-0.0392319 -0.00784605
0.0588263 0.0117647
-0.0392319 -0.00784606
0.0588263 0.0117648
-0.0392319 -0.00784607
0.0588263 0.0117648
-0.0392319 -0.00784608
0.0588263 0.0117648
-0.0392319 -0.00784609
0.0588263 0.0117648
-0.0392319 -0.0078461
0.0588263 0.0117648
-0.0392319 -0.0078461
0.0588263 0.0117648
-0.0392319 -0.00784611
0.0588263 0.0117648
-0.0392319 -0.00784612
0.0588263 0.0117648
-0.0392319 -0.00784613
0.0588263 0.0117649
-0.0392319 -0.00784613
0.0588263 0.0117649
-0.0392319 -0.00784614
0.0588263 0.0117649
-0.0392319 -0.00784615
0.0588263 0.0117649
-0.0392319 -0.00784615
0.0588263 0.0117649
-0.0392319 -0.00784616
0.0588263 0.0117649
-0.0392319 -0.00784617
0.0588263 0.0117649
-0.0392319 -0.00784617
0.0588263 0.0117649
-0.0392319 -0.00784618
0.0588263 0.0117649
-0.0392319 -0.00784618
0.0588263 0.0117649
-0.0392319 -0.00784619
0.0588263 0.011765
-0.0392319 -0.00784619
0.0588263 0.011765
-0.0392319 -0.0078462
0.0588263 0.011765
-0.0392319 -0.0078462
0.0588263 0.011765
-0.0392319 -0.00784621
0.0588263 0.011765
-0.0392319 -0.00784621
0.0588263 0.011765
-0.0392319 -0.00784622
0.0588263 0.011765
-0.0392319 -0.00784622
0.0588263 0.011765
-0.0392319 -0.00784623
0.0588263 0.011765
-0.0392319 -0.00784623
0.0588263 0.011765
-0.0392319 -0.00784623
0.0588263 0.011765
-0.0392319 -0.00784624
0.0588263 0.011765
-0.0392319 -0.00784624
0.0588263 0.011765
-0.0392319 -0.00784624
0.0588263 0.011765
-0.0392319 -0.00784625
0.0588263 0.011765
-0.0392319 -0.00784625
0.0588263 0.0117651
-0.0392319 -0.00784625
0.0588262 0.0117651
-0.0392319 -0.00784626
0.0588262 0.0117651
-0.0392319 -0.00784626
0.0588262 0.0117651
-0.0392319 -0.00784626
0.0588262 0.0117651
-0.0392319 -0.00784627
0.0588262 0.0117651
-0.0392319 -0.00784627
0.0588262 0.0117651
-0.0392319 -0.00784627
0.0588262 0.0117651
-0.0392319 -0.00784628
0.0588262 0.0117651
-0.0392319 -0.00784628
0.0588262 0.0117651
-0.0392319 -0.00784628
0.0588262 0.0117651
-0.0392319 -0.00784628
0.0588262 0.0117651
-0.0392319 -0.00784628
0.0588262 0.0117651
-0.0392319 -0.00784629
0.0588262 0.0117651
-0.0392319 -0.00784629
0.0588262 0.0117651
-0.0392319 -0.00784629
0.0588262 0.0117651
-0.0392319 -0.00784629
0.0588262 0.0117651
-0.0392319 -0.0078463
0.0588262 0.0117651
-0.0392319 -0.0078463
0.0588262 0.0117651
-0.0392319 -0.0078463
0.0588262 0.0117651
-0.0392319 -0.0078463
0.0588262 0.0117651
-0.0392319 -0.0078463
0.0588262 0.0117651
-0.0392319 -0.0078463
0.0588262 0.0117651
-0.0392319 -0.00784631
0.0588262 0.0117651
-0.0392319 -0.00784631
0.0588262 0.0117651
-0.0392319 -0.00784631
0.0588262 0.0117651
-0.0392319 -0.00784631
0.0588262 0.0117651
-0.0392319 -0.00784631
0.0588262 0.0117652
-0.0392319 -0.00784631
0.0588262 0.0117652
-0.0392319 -0.00784632
0.0588262 0.0117652
-0.0392319 -0.00784632
0.0588262 0.0117652
-0.0392319 -0.00784632
0.0588262 0.0117652
-0.0392319 -0.00784632
0.0588262 0.0117652
-0.0392319 -0.00784632
0.0588262 0.0117652
-0.0392319 -0.00784632
0.0588262 0.0117652
-0.0392319 -0.00784632
0.0588262 0.0117652
-0.0392319 -0.00784632
0.0588262 0.0117652
-0.0392319 -0.00784633
